epoch:0 0.1513  0.389  0.083  0.0295  0.1099  0.192  0.193  0.3869  0.4135  0.071  0.3341  0.4644  9.8644  0.001
epoch:1 0.4429  0.707  0.4856  0.0755  0.3505  0.5284  0.3832  0.5657  0.5765  0.1394  0.4839  0.6502  7.2831  0.000997
epoch:2 0.4988  0.7611  0.5631  0.1065  0.3814  0.5888  0.4187  0.6057  0.6169  0.1887  0.5028  0.6965  6.7508  0.000989
epoch:3 0.5195  0.774  0.5869  0.1387  0.3869  0.6169  0.4304  0.6188  0.6297  0.2002  0.5107  0.7144  6.176  0.000976
epoch:4 0.5289  0.7805  0.594  0.1416  0.4011  0.622  0.4374  0.6322  0.6433  0.2198  0.524  0.722  6.1413  0.000957
epoch:5 0.5286  0.7826  0.6009  0.1555  0.4144  0.6146  0.4368  0.6317  0.643  0.2376  0.5373  0.7155  5.972  0.000934
epoch:6 0.5337  0.7874  0.5963  0.1611  0.4228  0.626  0.4425  0.6412  0.6537  0.2585  0.5517  0.727  5.9126  0.000905
epoch:7 0.4998  0.7598  0.5654  0.1635  0.405  0.5919  0.4271  0.6225  0.6358  0.2703  0.5419  0.7016  5.5541  0.000873
epoch:8 0.5407  0.7902  0.6148  0.1627  0.4274  0.6327  0.4446  0.6476  0.6597  0.2644  0.5602  0.7311  5.7626  0.000836
epoch:9 0.5347  0.787  0.6033  0.1553  0.4257  0.6214  0.4413  0.6389  0.6516  0.2646  0.5515  0.7224  5.5721  0.000796
epoch:10 0.5402  0.7865  0.6064  0.1622  0.4319  0.6316  0.4461  0.6488  0.6621  0.2723  0.5579  0.733  5.3574  0.000752
epoch:11 0.5382  0.7873  0.6009  0.163  0.4241  0.6339  0.4471  0.6508  0.6641  0.2717  0.5573  0.7364  5.3379  0.000706
epoch:12 0.5362  0.7846  0.6  0.1627  0.4277  0.6296  0.4466  0.649  0.6619  0.283  0.5593  0.7327  5.1472  0.000658
epoch:13 0.5484  0.7878  0.6099  0.1706  0.4316  0.6409  0.4488  0.6542  0.6667  0.2889  0.5595  0.7391  5.1643  0.000608
epoch:14 0.5424  0.7902  0.6031  0.164  0.4268  0.6384  0.4467  0.6505  0.6644  0.2826  0.5571  0.736  5.3265  0.000557
epoch:15 0.5562  0.7982  0.6173  0.1746  0.4323  0.6517  0.4558  0.6574  0.671  0.2943  0.556  0.7469  4.8625  0.000505
epoch:16 0.5622  0.7958  0.6239  0.1606  0.4391  0.6571  0.4608  0.6666  0.6799  0.2841  0.5652  0.7561  4.9126  0.000453
epoch:17 0.5206  0.7509  0.5742  0.1589  0.4251  0.6328  0.4476  0.6541  0.6676  0.3112  0.5691  0.737  5.1747  0.000402
epoch:18 0.5361  0.7698  0.5921  0.1566  0.4352  0.6424  0.4502  0.658  0.6735  0.3045  0.5705  0.7422  5.0008  0.000352
epoch:19 0.5665  0.7995  0.6266  0.1831  0.4423  0.6632  0.4647  0.6686  0.6833  0.2948  0.5694  0.7606  4.85  0.000304
epoch:20 0.5664  0.7978  0.6276  0.1861  0.4502  0.6618  0.4639  0.6711  0.6852  0.304  0.5738  0.7595  4.892  0.000258
epoch:21 0.5731  0.8032  0.6339  0.1838  0.4491  0.6684  0.4673  0.672  0.6854  0.304  0.5739  0.7606  4.8893  0.000214
epoch:22 0.5557  0.7873  0.6137  0.1743  0.4516  0.6492  0.4562  0.662  0.6757  0.312  0.5812  0.7425  4.8852  0.000174
epoch:23 0.5792  0.8054  0.6377  0.1967  0.4516  0.6736  0.4703  0.6764  0.6905  0.3152  0.5717  0.7666  4.9591  0.000137
epoch:24 0.563  0.793  0.6202  0.1894  0.4515  0.6581  0.462  0.6686  0.6818  0.3241  0.5766  0.7522  4.8112  0.000105
epoch:25 0.562  0.7902  0.623  0.1956  0.4459  0.6584  0.4596  0.6703  0.6845  0.3294  0.5789  0.7534  4.807  7.6e-05
epoch:26 0.5494  0.7767  0.6059  0.1771  0.4489  0.6466  0.4555  0.662  0.6748  0.3169  0.5752  0.7421  4.9257  5.3e-05
epoch:27 0.5767  0.8019  0.6372  0.1869  0.4546  0.674  0.4694  0.6783  0.6924  0.3108  0.5795  0.7669  4.6629  3.4e-05
epoch:28 0.5752  0.7992  0.6367  0.1811  0.4515  0.6721  0.4684  0.6762  0.6895  0.2978  0.5747  0.7667  4.7111  2.1e-05
epoch:29 0.577  0.7993  0.6358  0.1903  0.4542  0.6732  0.4704  0.6798  0.6936  0.3107  0.5847  0.7673  4.9717  1.3e-05
